"alicia","bat2","bat3","bat4","bat5","bat6","bat7","bella","betty","black-panther","c","cat","cc","ccc","ccs","cerce","cerceson","cindy","cs","d","dcd","dd","ddld","eve","falcon","flapper","fran","gayle","gremlin","hera","hilga","hulk","jenna-bat","jupiter","kelly","ldc","lds","lsd","lucyson","mabel","marce","no-band","ola","opal","piper","queen","r","rc","rina","s","sam6","sc","scc","scs","sd","shania","sheldon","six","snow","son-of-ola","speedster","ss","sss","streblick","tiffany","vampison","vixen","zaria","zelda"
0,1.97962360073878,2.72546924240516,1.80212816854068,1.51382942923257,2.14403467848834,1.96324879735631,1.53715011593821,1.94974795308293,2.01612555370538,2.09467641780357,1.75260719281651,2.39308726532681,2.65253764919864,2.021273381344,1.68843599265468,3.56063975398264,1.63593492915383,1.67478642721977,1.63272893367515,1.83459636541431,2.23832334435189,1.91232940527155,2.36538361791481,1.94155638843875,1.60720366758624,2.0144430076713,2.20975704400378,1.44921634704702,2.43988378768401,1.76121374539534,1.55423351995066,1.95282775869728,1.89407987500615,1.52390565604844,3.99584576038751,1.77543589811013,1.85894703513163,3.44537639447098,1.91573151942645,1.87609215208126,1.92199956219116,2.46686000276532,1.80142294924623,1.34099074362759,1.72122000368144,2.55582324809246,1.98970128714244,2.26201793857938,2.30664636724773,1.95634719392988,1.92329166154472,2.11923100579836,2.21431168973351,2.22236734822687,2.46577535363819,1.853306203924,2.50478778490683,2.26745610392086,2.21365775978778,1.65814832751588,2.03222268255389,1.56739308533577,3.78113195872243,1.36097902452217,2.04360110766201,1.06035712221052,1.38940267776583,1.40263218670364
1.97962360073878,0,3.08226033328207,2.40246033619826,2.25101860181717,2.67547633619938,2.25781740777035,2.04910939569785,1.80119970081318,2.01164376720428,3.03552997149884,2.34627729902115,2.30330264635334,2.50394273049562,1.68128308118202,1.87694450209508,3.98345110232216,2.03482609903358,2.09260184283858,2.01431351345708,2.0915768852986,2.58334370702886,2.15816831476447,1.65852516209992,2.52305006615325,2.21397282899521,2.53183473738756,2.73319342278452,1.67750145497983,2.90413355317506,2.27476257969255,2.03260414633335,2.34044294558282,1.90983852548279,2.38531322203534,3.87430846499855,1.73765992820221,1.46746042303268,3.42341436872867,2.45003484802521,1.9867966106173,1.94314009454792,2.11896401665119,2.66646277074305,2.10180525803482,2.57882942712137,3.10186941252347,2.47161741178416,3.62765673183103,2.08582217665547,2.33806369749401,2.20257650634826,2.01029094534698,1.52726906803203,2.57577812493797,3.48188003114349,1.91986281173505,1.95849531294922,2.82534747968956,1.63745362272336,1.77773906759629,2.28973418069749,1.55327485469148,4.28911296451507,2.60188348942669,2.1645826048728,1.90636112177812,1.65800018160015,2.57732513240967
2.72546924240516,3.08226033328207,0,2.21555972946467,2.86621132500556,1.88428891418716,2.66658315214531,2.71451245334546,3.11102936566145,2.50862234489331,3.24702226248115,2.30029078225169,2.91178753534563,3.0389674642556,2.78632742937613,1.88293807926538,2.39713905089797,2.982367932558,2.72322972133196,2.79098069643057,2.62567696447862,2.92221250485636,2.47638972464398,2.73817905312781,2.88062488179513,3.2565038685972,3.61318317202242,3.70959353344643,2.68093632267839,2.96862371289976,2.97493995034699,2.71211293244273,2.26286599003248,2.75890864898755,3.012515963366,4.90282071229291,2.81552606420313,2.51898230210329,2.90093023956339,3.47435285449739,2.08581390769613,3.0467790731186,2.86827034230133,3.49806596753936,3.4967728455024,3.22504048563903,3.74291353538303,2.7919774397515,3.11966927207375,2.86196667995182,2.93964284076489,2.09818364956663,2.96963850566466,3.37973375459801,2.99823338909487,3.75441929544713,2.64644957003104,2.74659637154586,2.82981814464355,2.40809493924077,2.97360607337463,2.80312856942014,2.7431196961271,3.56046986706377,2.96523840287744,2.11319809167891,2.6370414424019,2.50011767614843,3.31725186536019
1.80212816854068,2.40246033619826,2.21555972946467,0,1.60883687066499,2.38604209593861,1.47494249918175,1.37420133745709,2.65034777099328,2.15919198544954,2.25013109892534,1.89007485312938,2.76343383626984,2.51179661934499,2.09222159130557,1.21767922891794,3.77029501721737,2.53568804416301,2.1490812609547,1.86703234983807,1.68985521715226,1.60682210367257,1.67628583333314,2.3052524468034,1.79016613979276,1.89789785045958,2.94260665950121,2.82484802950601,1.74924630794754,2.96993168423765,1.85212578251544,2.01149680790488,1.97341453011948,2.28925182920921,1.98913809800714,4.7879363128591,2.02711660054285,1.90270359868081,2.74401908376779,3.07318198881965,1.7253553826007,2.18009285277882,2.14489733275709,2.93585633976535,2.27238494241036,2.44854793978002,2.9604482149273,1.34370233194455,2.48050611769126,2.23486816120105,2.17564358621982,1.6267992768491,2.25452544854316,2.81717735589998,1.90194342410496,2.89822956753848,1.66361639095835,1.99060722184043,1.6388157709399,1.90959460351226,1.9920999520574,2.3573743349792,2.02840295938742,3.09175337990542,1.82756458670129,2.09118911324729,1.76436454362422,1.56588183913726,2.66495073927746
1.51382942923257,2.25101860181717,2.86621132500556,1.60883687066499,0,2.58082205802382,1.68854392837255,1.82773596239677,2.28306328210516,2.19215895006007,2.2355550936728,1.5937771743435,2.67786144699024,2.67872910537825,1.9468786365457,1.64907874883436,3.93771348421708,2.27274321793221,1.78235852114642,1.7518977461712,1.46363723304935,1.79948074583769,1.55212157040774,2.41933358121236,1.65496150812695,1.6951241670372,2.26656009599944,2.15327083650586,1.66574232034427,2.58776245768282,1.33612467620805,1.86517553158627,2.20505818706224,2.18424947194366,1.89481553617652,4.2040214292614,1.78042843739528,1.78754462111094,3.18611115512557,2.57397387519737,1.95914140766866,1.53825057638443,2.06494486957839,2.40029763382851,1.64081315942318,2.35059765452993,2.57343928067016,1.6722434999691,2.2888712817514,2.25210016935566,1.47821920310481,1.91388703262082,1.90235412787363,2.49278061066308,1.95244480829077,2.7634116379831,1.88776615203013,2.29070842934171,1.58133239949793,2.12119846804781,1.80282115510576,2.27714810343976,1.67407096061493,3.83423139031421,1.58190946466613,2.31306654576056,1.23602236066624,1.64958809367868,2.21937155735448
2.14403467848834,2.67547633619938,1.88428891418716,2.38604209593861,2.58082205802382,0,2.48658545291522,2.65407988378927,2.57619495723852,2.39453993865372,2.90684524482273,1.85640941104653,2.70688242223545,2.88678673950095,2.51679764529393,2.16715991426517,2.6316985164743,2.48950157331473,2.14281520377731,2.53004332124573,2.48601580033862,2.89677495767374,2.43013541070274,2.38273442571302,2.59468609705357,2.91468626941214,2.88483035313004,2.94482891817458,2.56468627091686,2.55386780294069,2.6384528167499,2.50773955906884,2.14116856176447,2.44595821860367,2.81639081185951,4.28437909214297,2.35506771331226,2.1118067576914,3.9065904822895,2.82181456437925,2.29951400219624,2.45853453818917,2.52388439187829,2.88461814776836,2.9908003649034,2.9095734497807,3.20366244752564,2.7011729207059,2.9641561073407,2.66440821868001,2.6384488648448,2.1906525748866,2.55884770521149,2.61853876843249,2.82103336823619,3.48706483014909,2.55667624358155,2.49387784686553,3.05018685656398,2.23998816118151,2.7257542208837,2.68211792681357,2.24703689539168,4.49936401018164,2.54880763449016,2.36489552892883,2.26216807579883,2.32000367068175,2.62221323455998
1.96324879735631,2.25781740777035,2.66658315214531,1.47494249918175,1.68854392837255,2.48658545291522,0,2.06132166681002,2.60827808918524,2.55614163402966,2.41488440433033,1.991684530693,2.89799928844971,2.77745192881058,1.98227445985454,1.58545199860927,3.79293422397108,2.50647516919511,1.95121273085915,2.16496484898665,1.73563925464173,2.10109067081286,2.19354558054842,2.36525172766917,2.2941067546553,1.96611819184641,2.88856362237844,2.43462863248376,1.78934999388733,3.08766462237672,1.8420638558343,2.12462290369413,2.2029144015784,2.25959204975047,2.30235556900309,4.68611797824796,2.22582123864742,2.01328742717666,2.98598907807464,3.00340872806825,2.26354252188564,2.01305649562963,2.17611643114647,3.25912744466974,2.07275624698232,2.59601506589606,2.79613517351606,2.20905734978559,3.0179523041388,2.23353263922627,2.2034342785015,1.80514317449842,2.08495165687195,2.37128541103256,2.39314975820215,3.55107866923255,2.03284791585068,1.9874382906823,1.7929834672047,1.97113291764717,2.22834562397874,2.70749937613958,1.90573110346681,3.87459027848322,2.16139091572336,2.21013018395343,1.68355759552547,1.69793002721507,2.88851857574327
1.53715011593821,2.04910939569785,2.71451245334546,1.37420133745709,1.82773596239677,2.65407988378927,2.06132166681002,0,2.66397685203314,2.26364143811623,2.82442189187816,2.11133575458498,2.80396811064454,2.69066269160028,2.4253410107974,1.53281773230833,3.70852068183911,2.52569220997023,2.53094862308294,2.179382753563,2.24822657848762,2.28452465336245,1.86984914832425,2.55646964451021,2.08305461529238,1.30371720518934,3.04276513081009,3.15212417222794,1.62231463950965,3.03286460238989,2.41249513561,2.11142473230177,2.36313745601481,2.21832556510785,1.76893953053839,4.84021273598465,2.24758436223586,2.13503947031303,3.1625901436711,3.01865824852499,1.64094358252547,2.53415016739735,2.67301056510343,2.41578107552474,2.05471735163465,1.92911523391774,3.44756653264845,1.88110930436273,2.34161230661105,2.71191078498567,2.44971952804962,2.25429073534107,2.64624962929305,2.76571542049758,2.20200566416831,2.33235175434764,1.19119764412458,2.46442238422692,2.24174701139997,2.21639266878534,1.17251870921711,2.25030221864039,2.22884377047309,3.25069188041792,1.49972383235338,1.7687695896971,1.74166924341902,1.20426894185159,2.19803336086965
1.94974795308293,1.80119970081318,3.11102936566145,2.65034777099328,2.28306328210516,2.57619495723852,2.60827808918524,2.66397685203314,0,1.38766329418892,2.33248050661186,2.10861111958384,1.24737240632178,2.2238541259328,1.09746266676657,2.23960286728462,4.18490144631678,1.11665293245625,1.21493965453688,1.20612923192788,1.58909374346979,2.22924241191602,1.94342582685918,1.96602860663304,2.14801370626621,2.88597020142184,1.49039790648977,2.28634376348089,1.66966037741237,1.97382943041489,1.70404946963171,1.44573229464521,1.48996234801461,1.51910276499728,2.37483207689349,3.29865800668294,1.67045943281863,1.37546282755377,3.48956561119063,1.23728067860557,2.0310664037558,1.33614345483699,2.07698546582958,2.21440479732321,2.55779658059004,2.46873661259586,2.43979877841207,2.34605179534643,3.35949319176411,1.49486253478437,1.78529496675928,1.7547940916639,1.12281667628405,1.43302912214061,2.23633785960164,3.33049315373392,2.67734503702863,2.25932808455793,2.68354933002654,1.89473321823929,2.56435784921018,2.22244167462159,1.18771476044281,4.44520820619938,2.59048222164966,2.56671290122879,1.75444548552133,2.18895270893546,2.05373801860287
2.01612555370538,2.01164376720428,2.50862234489331,2.15919198544954,2.19215895006007,2.39453993865372,2.55614163402966,2.26364143811623,1.38766329418892,0,2.42327462290254,2.07029603718038,1.47285519408744,2.44940838877179,1.15670821658612,1.80816403894803,3.96817008383315,1.83177384575171,1.61691792380032,1.22947918718976,1.60980432894216,1.98622027410025,1.67246325843261,2.00760701457991,1.86007686863664,2.72615646682495,2.17496551550178,2.9138361947888,1.55827140407389,2.06477604011998,1.84574799709087,1.7070297321316,1.31802359235044,1.90885347251448,2.16110354621728,4.07714867822847,1.87549015134959,1.53195480401257,3.2410129089084,2.02394737602718,1.40157599191555,1.78740969316091,2.30982568155116,2.25530860808208,2.66283629738706,2.36928595209749,2.86985123851095,1.85597330721611,3.05993746109114,1.51386507775589,2.21223732216931,1.47900179708536,1.38752628518112,2.07173298674869,2.08870884637464,3.03454478669384,2.47017776773999,2.34521086522409,2.48267883568613,1.74126268081513,2.41778315934767,2.23614749698983,1.43480592146436,4.09243153420041,2.44142438856977,2.43681682423279,1.79069027601248,1.85989398464639,2.09069508201234
2.09467641780357,3.03552997149884,3.24702226248115,2.25013109892534,2.2355550936728,2.90684524482273,2.41488440433033,2.82442189187816,2.33248050661186,2.42327462290254,0,2.60121151291508,2.70661102268149,2.87054801801308,2.19150624988585,2.26490314242719,4.51105803221148,1.80859444745694,1.58609027852442,1.51667881948539,1.69554974412519,1.9955370852169,2.41354910120003,2.82986912332388,2.26700162612745,3.02830594247761,1.83684151940948,1.82693498485535,2.31241472509951,2.90944873201895,1.68967956459528,1.82226609067062,1.96346839745209,2.67425716712248,2.34616334852779,4.15575157909242,2.11242506838011,2.50025870604426,3.48036517299709,2.18210030056306,2.66808174766591,2.14567707797441,2.6017274242299,2.88290684850077,2.44308111621175,2.77543103733557,1.31983870187326,1.84036732445453,3.0505213699941,1.95293394732805,2.3592449547165,2.00942387575376,2.12148381856139,2.93441027277222,2.3696935001175,3.41292164192252,3.14649490911176,2.79327084464092,2.32970726969332,2.80604065502717,3.16230682938824,2.50318513562982,2.17793245359617,4.10208347832323,2.50637688700915,3.27653730991614,2.10654482082111,2.69315256090341,2.54621661780761
1.75260719281651,2.34627729902115,2.30029078225169,1.89007485312938,1.5937771743435,1.85640941104653,1.991684530693,2.11133575458498,2.10861111958384,2.07029603718038,2.60121151291508,0,2.05401102898415,1.99474052979211,1.89827866482026,1.77653293270871,3.31373593314544,2.23977610705806,1.58133671906887,1.90503582820844,1.64344779125852,2.08720700147537,1.14802163740891,2.25765973328914,1.36143464774571,2.27560140121111,2.58266247435051,2.50630359848669,1.91231143247831,1.61839694168513,1.86083319597454,1.8681967394104,1.73472084442651,1.69195154777345,2.59353843404732,4.10361400721575,1.70541310093441,1.50367007015655,3.20065976635552,2.6772596980997,1.81099471047119,1.66617117145928,1.77848606945809,2.42130817835674,2.53397446208793,2.66260535218625,2.99031647501727,2.031915202614,2.01173499183118,2.32822809775562,1.3246348932853,1.55697280848058,1.92944902811556,2.37896702909456,1.6563951305731,2.87366204018865,1.69740874955448,1.9909642050306,1.94210727480293,1.74823762786063,1.99820637072799,2.17011183002915,1.6484451840716,3.73082228022472,2.0376550614196,1.78399680778957,1.69247820421734,1.75275339408439,2.33565841654474
2.39308726532681,2.30330264635334,2.91178753534563,2.76343383626984,2.67786144699024,2.70688242223545,2.89799928844971,2.80396811064454,1.24737240632178,1.47285519408744,2.70661102268149,2.05401102898415,0,1.81930015936367,1.58974841873827,2.32898165034776,4.05481566623449,1.68590118251546,1.62205852361914,1.57015402856901,1.79138886668129,2.4243555568719,1.83262404852649,2.29732604660411,2.01230011511026,3.10487485951499,2.44395563809963,2.97770951962525,1.8297333543698,1.57143274898926,2.24221482857055,1.57576271618487,1.3397348952311,1.85257353242265,2.83476327486276,3.91378936169994,2.02960097105078,1.76105189797926,3.27694547119987,2.11111288678438,1.72629958459248,1.95817789004937,2.35351016711244,2.46818728326361,3.19037193856722,2.83500693229926,3.09376720992195,2.46223920056338,3.19504861111414,2.05374618371315,2.15627548118067,1.71869551053483,1.60798863071878,2.1930740625178,1.93108605780504,3.19910733677216,2.72418689042314,2.44762565739888,2.58851435691422,2.00127141533574,2.74658935347112,2.2490686855561,1.64387138215522,4.15099287929905,2.91233512955934,2.44026215715681,2.26493724483727,2.27632759280448,2.53753071075509
2.65253764919864,2.50394273049562,3.0389674642556,2.51179661934499,2.67872910537825,2.88678673950095,2.77745192881058,2.69066269160028,2.2238541259328,2.44940838877179,2.87054801801308,1.99474052979211,1.81930015936367,0,2.18031297416239,2.33102354943277,4.27347767761034,2.28463037956093,2.1048465763365,2.0738328534443,1.87750482527625,2.28742856929189,1.95984169088214,2.2954416128626,2.00231633340042,2.99025366304521,3.09544286676516,3.02553362569137,2.31695799600755,2.31505189791049,2.62580126868308,2.03117564026987,1.85058950493819,2.41096630750387,3.33989086264839,4.25462856727186,1.82665225789264,1.78633436779014,3.08919077594178,3.02211478131415,2.01797760166254,2.28889779244564,1.73945049900586,3.17845283315456,3.39446882317239,3.51331679821967,3.28654308622338,2.16754989030019,3.26821412670226,2.46771465965574,2.11282439021505,1.90711716031225,2.22504451394022,2.6564627630889,1.51793901455291,3.48710213767491,2.23195097103505,1.82689588226405,2.2116907982875,2.0198629372729,2.61769066392673,2.36750232723539,2.19880578923412,3.59521660050466,3.14807863669721,2.49102605416975,2.5474673898464,2.43946403676485,3.30466234300981
2.021273381344,1.68128308118202,2.78632742937613,2.09222159130557,1.9468786365457,2.51679764529393,1.98227445985454,2.4253410107974,1.09746266676657,1.15670821658612,2.19150624988585,1.89827866482026,1.58974841873827,2.18031297416239,0,1.76933002541499,4.2054615684198,1.65675815985494,1.11901111134758,1.05448561021381,1.09274207460327,1.69797228944191,1.65212215428931,1.69066419588674,1.81540457787612,2.67534401597851,1.93116517029356,2.32682937031959,1.46779409207525,2.15012723305628,1.36980373042697,1.56184210413895,1.34673176057955,1.64338232049847,2.31338048081143,3.79725624816505,1.5111872696188,1.11151390440585,3.07327146051304,1.97240961932065,1.83155180413852,1.12544185048649,1.63730284874894,2.64150463053933,2.42778751389596,2.5848566583352,2.40638102773081,1.90341867724327,3.30136496627829,0.926600142487509,1.72277187281969,1.23197267609479,0.623748021537173,1.50195810287497,1.95927702994546,3.49576966749545,2.39272131487247,1.73896034554876,2.1607989714573,1.34385688413229,2.43977178834267,2.30768555771004,0.984596153964308,4.15815141261853,2.57680295515757,2.44652521915146,1.61272806357761,1.88196163954619,2.42734202485336
1.68843599265468,1.87694450209508,1.88293807926538,1.21767922891794,1.64907874883436,2.16715991426517,1.58545199860927,1.53281773230833,2.23960286728462,1.80816403894803,2.26490314242719,1.77653293270871,2.32898165034776,2.33102354943277,1.76933002541499,0,3.31745465141668,2.01060195334242,1.79981479928471,1.67049747365731,1.53647211943983,1.9736172504923,1.57555209519541,1.92573926828015,1.93035409737266,1.96311489648397,2.65917507113647,2.67051225068501,1.37487222334913,2.60399400168644,1.85183889641942,1.67612705169286,1.6920816889316,2.00293237652898,1.81155305419519,4.43629389826389,1.67805858247458,1.57653773082439,2.46562530993553,2.68272344855737,1.23774159180039,1.97482785164258,2.07186771761453,2.60513554249397,2.16293971225243,2.25706974321568,2.709425588794,1.65256449015013,2.61368502036318,1.94371985075815,2.03231622232206,1.37996755555949,2.00511909503327,2.48256890793729,2.00927112014625,2.91949158676,1.60280707244693,2.03070694611773,1.77810284793696,1.67986389841706,1.73122607557949,1.70979273667218,1.63742384192053,3.23113145659445,1.98416771725299,1.59752653155552,1.45246955420472,1.34795762866879,2.42838977784779
3.56063975398264,3.98345110232216,2.39713905089797,3.77029501721737,3.93771348421708,2.6316985164743,3.79293422397108,3.70852068183911,4.18490144631678,3.96817008383315,4.51105803221148,3.31373593314544,4.05481566623449,4.27347767761034,4.2054615684198,3.31745465141668,0,3.94365370571373,3.9462228685635,4.14477491530584,4.08024999764211,4.34951307309461,3.75666480118174,4.0670103861847,4.20753087145347,3.97769147333783,4.54245034947263,4.64850761343095,3.75964080955722,3.90400282862194,4.23169380662518,3.72519873964622,3.79571059616712,3.59084153821073,3.8917929526026,5.65104338415664,4.14029769471126,3.86122919293291,4.64036312679031,4.24432018610931,3.46217923354431,4.22516968165249,4.246982572173,4.06333331597156,4.24471455707955,3.78579084391959,4.88078904614074,4.28566898676106,3.74536160793165,4.40842118143471,4.0115132862926,3.81854654054789,4.29663989683386,4.36438199885506,4.30875151412302,4.32285564614049,3.63803075118164,4.11169270643442,4.17268858904929,3.79627581547045,3.6281570064509,3.57236143976174,3.85186569462322,5.04433064492909,3.62751262225543,2.82544229485073,3.64322571929937,3.45619477858792,3.99015754598582
1.63593492915383,2.03482609903358,2.982367932558,2.53568804416301,2.27274321793221,2.48950157331473,2.50647516919511,2.52569220997023,1.11665293245625,1.83177384575171,1.80859444745694,2.23977610705806,1.68590118251546,2.28463037956093,1.65675815985494,2.01060195334242,3.94365370571373,0,1.18119033736072,1.3274130954169,1.65227924788019,2.42923372529812,2.16043489410148,2.17042707905367,2.34328690353691,2.75293738700301,1.41080246807841,1.9077706323226,1.72707830755394,2.25183097479551,1.82370001599545,1.23749718621736,1.53845580684669,1.78406174651806,2.0873081901919,3.30098453037449,1.66168854311915,1.73979369700905,3.30034500803328,1.11630534985357,2.02885295555608,1.70245341391922,2.33856405463561,2.16894170633245,2.31273249429657,2.21789453295875,1.9433967583514,2.30511103309308,3.14819653344028,1.79381638763868,1.95369343452622,1.7916912055316,1.69613816586503,1.90826316722322,2.37014104240373,3.16469505726555,2.67348194192135,2.48730919837754,2.62339149893876,2.2535291245724,2.53392543857642,1.89200957687892,1.49357682335583,4.19418753782938,2.33904998944029,2.46656618127461,1.63745999126283,2.17253317878412,1.9072069697005
1.67478642721977,2.09260184283858,2.72322972133196,2.1490812609547,1.78235852114642,2.14281520377731,1.95121273085915,2.53094862308294,1.21493965453688,1.61691792380032,1.58609027852442,1.58133671906887,1.62205852361914,2.1048465763365,1.11901111134758,1.79981479928471,3.9462228685635,1.18119033736072,0,1.06995974186297,0.990420746635217,1.90701788582817,1.65154670778302,1.96952762682387,1.68834473622972,2.62725740547243,1.51131088670104,1.60476649571892,1.63114144730209,1.82988579066506,1.18750396170753,1.34265971032899,1.18664091282713,1.68957524959774,2.27380657974939,3.54329908956418,1.33773588776419,1.37749435454263,3.14155962774705,1.66355017252179,1.95715731293294,1.02755829750548,1.75949018319699,2.36938368392376,2.25021523711723,2.48270539732579,1.7755203304467,1.90551112669892,2.86118601113328,1.38152983324991,1.48888892181859,1.15581131061132,1.05512625584529,1.77068097541226,1.86930382780713,3.2475002082564,2.47850329156965,2.02469894379795,2.08524141142218,1.83112248245649,2.53867522745016,2.08797495057055,1.07019936174648,4.12943955130324,2.29695160223522,2.44066620332875,1.4400326264015,2.016141597641,2.11997400081387
1.63272893367515,2.01431351345708,2.79098069643057,1.86703234983807,1.7518977461712,2.53004332124573,2.16496484898665,2.179382753563,1.20612923192788,1.22947918718976,1.51667881948539,1.90503582820844,1.57015402856901,2.0738328534443,1.05448561021381,1.67049747365731,4.14477491530584,1.3274130954169,1.06995974186297,0,0.921620480897739,1.34296259262263,1.49574508605849,1.9466909080556,1.49869482690358,2.47315513498641,1.6321633670426,2.19581542902536,1.30940385499861,2.10106881340761,1.19153275401926,1.02729081440326,1.21288663752004,1.81445694357741,1.95753954011753,3.88213105016892,1.37171845801404,1.41763968419526,3.15525088268682,1.67499360797847,1.66847667181689,1.34075331911775,1.85650468464457,2.22425196719026,2.21296130466258,2.3617504294323,2.08314090679762,1.36504758518479,2.85484264961903,1.23329304446101,1.68226175643056,1.31213134706224,1.08071959854955,2.05812275626034,1.59343102521576,2.96123276603198,2.3774236315391,2.03783519306664,1.88807159617296,1.76834026145001,2.32270090876021,1.88509039780346,1.10300537356831,3.82258013373864,2.23850768803399,2.49401812509065,1.4873140961268,1.8354220455137,2.08893473918724
1.83459636541431,2.0915768852986,2.62567696447862,1.68985521715226,1.46363723304935,2.48601580033862,1.73563925464173,2.24822657848762,1.58909374346979,1.60980432894216,1.69554974412519,1.64344779125852,1.79138886668129,1.87750482527625,1.09274207460327,1.53647211943983,4.08024999764211,1.65227924788019,0.990420746635217,0.921620480897739,0,1.25073396700313,1.40850977420999,1.89648153386248,1.44057701646924,2.39444197912861,2.01570141146323,2.0341433951365,1.42385307279976,2.18039056690348,1.07913874312977,1.32814968262385,1.25726960944277,1.94293761159794,2.23253829396783,3.98752975958733,1.30045538704715,1.31741453017232,2.78564138225377,2.20028136522256,1.68161581907049,1.1633639542108,1.42706683985565,2.68482842171061,2.28278706587216,2.63333716623313,2.12433842854232,1.37168653802455,2.84782535975065,1.36621774760451,1.46158731008843,0.940092138159413,1.039443535869,2.05670036014335,1.47091153920787,3.21008115181514,2.24492281173385,1.63886844806241,1.38463965245931,1.57294202359081,2.36113661130987,2.1086399268914,1.17292536603431,3.64749172848059,2.32879239562862,2.36633181552185,1.48309222537879,1.774951490899,2.53263839870732
2.23832334435189,2.58334370702886,2.92221250485636,1.60682210367257,1.79948074583769,2.89677495767374,2.10109067081286,2.28452465336245,2.22924241191602,1.98622027410025,1.9955370852169,2.08720700147537,2.4243555568719,2.28742856929189,1.69797228944191,1.9736172504923,4.34951307309461,2.42923372529812,1.90701788582817,1.34296259262263,1.25073396700313,0,1.70389808979765,2.48854135457054,1.54319523113062,2.63899601874221,2.57607034473457,2.76291752171137,1.8412708106842,2.76552922353451,1.51597973435639,1.8633237767308,1.81404003455097,2.37426630251491,2.47191272658224,4.70149874355163,2.00621208802527,1.93878297685975,3.24162565876087,2.7710248539647,2.13195791954759,1.8735483190592,1.85346701422952,3.05013125900184,2.68419539057242,2.90135402606088,2.7274834436451,1.18177226433958,2.98711810122789,1.80822457196551,1.97098791589119,1.67025647664922,1.64017009619184,2.69494244232369,1.5499199512695,3.3388167872495,2.40414201891657,1.90359167466211,1.53427986738614,2.01183330745424,2.62704437496611,2.61760126814162,1.85234183075454,3.66156972080516,2.50620953920806,2.82660380047177,1.99790075719911,2.13063257561105,2.89628242731956
1.91232940527155,2.15816831476447,2.47638972464398,1.67628583333314,1.55212157040774,2.43013541070274,2.19354558054842,1.86984914832425,1.94342582685918,1.67246325843261,2.41354910120003,1.14802163740891,1.83262404852649,1.95984169088214,1.65212215428931,1.57555209519541,3.75666480118174,2.16043489410148,1.65154670778302,1.49574508605849,1.40850977420999,1.70389808979765,0,2.14884102725657,1.02116669363001,2.30738189937139,2.47770115846222,2.65181306364819,1.60395130475814,1.84975153247128,1.586344380164,1.57048232512025,1.67770152160302,1.55617775495317,2.27074825311712,4.15630533314446,1.59346651516202,1.42254120021856,2.90130776247969,2.6438481265401,1.50841350067227,1.52120905954782,1.82258217934803,2.30047455210035,2.54636787814034,2.49178990438536,2.89735373429973,1.53496236122799,2.15595258113087,2.06989075462436,1.27758980636106,1.47241997787187,1.78171668095811,2.53902789305732,1.24521169876478,2.58630239993746,1.78209843835079,2.04619612021319,1.77011079831324,1.72455729743943,1.94457947039231,1.80728109086268,1.5734191730964,3.40106011880896,2.00781779598737,1.91856748283113,1.74335211759826,1.73030361513837,2.35127175208041
2.36538361791481,1.65852516209992,2.73817905312781,2.3052524468034,2.41933358121236,2.38273442571302,2.36525172766917,2.55646964451021,1.96602860663304,2.00760701457991,2.82986912332388,2.25765973328914,2.29732604660411,2.2954416128626,1.69066419588674,1.92573926828015,4.0670103861847,2.17042707905367,1.96952762682387,1.9466909080556,1.89648153386248,2.48854135457054,2.14884102725657,0,2.50373656677603,2.84513004357796,2.55697914577142,2.67173688558461,2.27437887180846,2.75718532551811,2.24180160387538,2.09326653044847,2.14089627450512,2.14549274572641,2.90134263886255,3.68073915590223,1.38960398973923,1.14537757335224,3.54165690724614,2.60881474838577,2.07739814048699,1.87581405554418,1.49032374886826,3.17215261069868,2.73274028517239,3.27513565077051,2.79342839633689,2.32295790004009,3.69899487966839,1.77397919682782,2.28223899969697,1.9168617287992,2.0003270889311,1.8189858946499,2.53262847908118,3.8482966566906,2.34352303555815,1.53749198991549,2.76209348776337,1.15848706946218,2.45509329808485,2.34959909448546,1.7456662492602,4.30292893153399,3.01326025428026,2.38785271272662,2.29364544442888,2.10701420648904,3.00727937209913
1.94155638843875,2.52305006615325,2.88062488179513,1.79016613979276,1.65496150812695,2.59468609705357,2.2941067546553,2.08305461529238,2.14801370626621,1.86007686863664,2.26700162612745,1.36143464774571,2.01230011511026,2.00231633340042,1.81540457787612,1.93035409737266,4.20753087145347,2.34328690353691,1.68834473622972,1.49869482690358,1.44057701646924,1.54319523113062,1.02116669363001,2.50373656677603,0,2.25930671422751,2.56966707208055,2.72603264520787,1.72737066006329,1.81616728527254,1.70203469604857,1.83074122999966,1.77181021201723,2.14444903428194,2.37714821438428,4.50805938419191,1.70935305593888,1.78558628798351,3.25152725058757,2.73934669427364,1.78197644634872,1.69330000016501,1.99962894025852,2.24521875316796,2.60843711021569,2.63137350965322,2.93919243918583,1.41533961925957,2.08172212402921,2.26390422269557,1.67563882208878,1.57920483642828,1.80457131904575,2.69665959651898,0.838439850963843,2.4636572502592,2.0296925970796,2.24625237668133,1.6242132854089,2.04834581680639,2.19265543225309,2.15676982060319,1.65877986284318,3.46308108485697,2.16278248097695,2.47857692453813,1.87120097141629,1.82141536427794,2.38727480813071
1.60720366758624,2.21397282899521,3.2565038685972,1.89789785045958,1.6951241670372,2.91468626941214,1.96611819184641,1.30371720518934,2.88597020142184,2.72615646682495,3.02830594247761,2.27560140121111,3.10487485951499,2.99025366304521,2.67534401597851,1.96311489648397,3.97769147333783,2.75293738700301,2.62725740547243,2.47315513498641,2.39444197912861,2.63899601874221,2.30738189937139,2.84513004357796,2.25930671422751,0,3.09566523890426,3.02711945496359,1.74871720977572,3.15424067749739,2.461858968983,2.39869674047185,2.8051106984422,2.65281790456055,1.9268441803095,4.88207622666932,2.38100477853446,2.39532471764041,3.57582714416632,3.09317430447954,2.07193978959411,2.5513869199643,2.86848912740488,2.36225669809614,1.62185327037993,2.12659540709801,3.54126191066397,2.27117342437935,2.4917690868451,3.12098395443243,2.59656356385919,2.55886201613439,2.77170254680085,2.77515488570807,2.45057576845679,2.38892052535948,1.54075781524265,2.77157830151093,2.26945634206808,2.59798353168862,1.07470229643284,2.41693720189974,2.18215612102335,3.72720766265161,1.62490322704362,2.2128479876166,1.80884456039718,1.2456231099968,2.34627968110374
2.0144430076713,2.53183473738756,3.61318317202242,2.94260665950121,2.26656009599944,2.88483035313004,2.88856362237844,3.04276513081009,1.49039790648977,2.17496551550178,1.83684151940948,2.58266247435051,2.44395563809963,3.09544286676516,1.93116517029356,2.65917507113647,4.54245034947263,1.41080246807841,1.51131088670104,1.6321633670426,2.01570141146323,2.57607034473457,2.47770115846222,2.55697914577142,2.56966707208055,3.09566523890426,0,1.59632558707197,2.3722788330621,2.52078677906619,1.72011719432817,1.95487040957109,2.24568745871078,2.21037973944523,2.37687959010961,3.01447797697862,1.9541009447097,2.13971024574285,4.04526994941923,1.02715503789743,2.79582970502327,1.68854090077965,2.57400737373981,2.2097356564653,2.22918797246438,2.56984752214974,1.64347947042398,2.51772759359052,3.34682375793965,1.92194483030907,2.05595902551636,2.37310041127883,1.84289644158204,2.11177022910906,2.86671265242022,3.45381159944708,3.20607262616281,2.91480446834048,3.08230760049457,2.72920947505321,2.95650706135471,2.45555385982549,1.80208845771636,4.88337539800385,2.53033859370635,3.25092421647514,2.0134193868264,2.72256240168432,1.88841621286205
2.20975704400378,2.73319342278452,3.70959353344643,2.82484802950601,2.15327083650586,2.94482891817458,2.43462863248376,3.15212417222794,2.28634376348089,2.9138361947888,1.82693498485535,2.50630359848669,2.97770951962525,3.02553362569137,2.32682937031959,2.67051225068501,4.64850761343095,1.9077706323226,1.60476649571892,2.19581542902536,2.0341433951365,2.76291752171137,2.65181306364819,2.67173688558461,2.72603264520787,3.02711945496359,1.59632558707197,0,2.69972371897938,2.97696144275518,1.80379746189876,2.34225733272191,2.54583124347904,2.49836625740898,2.83051383932985,3.11841458075067,1.94169560857417,2.3431553203979,3.76893275089312,2.19962718831013,3.10309804631011,1.82374264525946,2.35524591288001,3.03992200435606,2.16443744958363,3.04408003733375,1.28758188042601,2.62838691572437,3.41368573730706,2.28002450208066,2.0627411676952,2.40022299142685,2.25345661893998,2.31580535859831,2.91234014942798,3.8717073091885,3.10373847106465,2.68993030940051,2.8886623358157,2.80613662118419,3.11822472642067,2.84938179356324,2.18849628300955,4.7800063625339,2.64999172359172,3.26743680891885,2.17420683630044,2.87148712007112,2.65755420697182
1.44921634704702,1.67750145497983,2.68093632267839,1.74924630794754,1.66574232034427,2.56468627091686,1.78934999388733,1.62231463950965,1.66966037741237,1.55827140407389,2.31241472509951,1.91231143247831,1.8297333543698,2.31695799600755,1.46779409207525,1.37487222334913,3.75964080955722,1.72707830755394,1.63114144730209,1.30940385499861,1.42385307279976,1.8412708106842,1.60395130475814,2.27437887180846,1.72737066006329,1.74871720977572,2.3722788330621,2.69972371897938,0,2.4098484414409,1.61750556307894,1.2623717428133,1.58086273006247,1.76091752444567,1.50886869525379,4.41789395283615,1.90811242350084,1.66791142747174,2.89423420540095,2.16931260782216,1.31170057485924,1.71265830191892,2.34619493683486,2.14567338337249,1.98523034090803,1.79173721718564,2.84242806168477,1.8315418391347,2.72274751102658,1.96657974415853,1.93511853787058,1.56344828273944,1.57186273066238,2.14772533204221,1.77666653747875,2.63697938621331,1.90906540980061,2.31470704082673,1.72820981520217,1.94192591079869,1.69911731842911,1.87402977913235,1.26679725760142,3.52772465461924,1.88331248691097,1.92128318610959,1.10293524959122,1.23245565705846,2.05711378251719
2.43988378768401,2.90413355317506,2.96862371289976,2.96993168423765,2.58776245768282,2.55386780294069,3.08766462237672,3.03286460238989,1.97382943041489,2.06477604011998,2.90944873201895,1.61839694168513,1.57143274898926,2.31505189791049,2.15012723305628,2.60399400168644,3.90400282862194,2.25183097479551,1.82988579066506,2.10106881340761,2.18039056690348,2.76552922353451,1.84975153247128,2.75718532551811,1.81616728527254,3.15424067749739,2.52078677906619,2.97696144275518,2.4098484414409,0,2.46389104490085,2.15912753238338,1.96188127946777,2.13814232459984,3.07653795476541,3.95640702163784,2.16335179772064,2.10749172452419,3.73095282869197,2.45131896881588,2.22931446933654,2.14700648165153,2.52592695608644,2.15891592400496,3.26069572343532,2.99058429395405,3.26213086981478,2.75093372039071,2.44445194828564,2.6282316139201,2.04358044432957,2.06336158560834,2.0803474294208,2.65451286148793,2.13837248557921,2.94098263961937,2.74404330945442,2.85472113198013,2.74696807728203,2.42598827738875,2.7868299958101,2.34558624316245,1.94663401892133,4.33361566316277,2.8695454436071,2.56526131823939,2.45616643307634,2.45689447561651,2.39854393790458
1.76121374539534,2.27476257969255,2.97493995034699,1.85212578251544,1.33612467620805,2.6384528167499,1.8420638558343,2.41249513561,1.70404946963171,1.84574799709087,1.68967956459528,1.86083319597454,2.24221482857055,2.62580126868308,1.36980373042697,1.85183889641942,4.23169380662518,1.82370001599545,1.18750396170753,1.19153275401926,1.07913874312977,1.51597973435639,1.586344380164,2.24180160387538,1.70203469604857,2.461858968983,1.72011719432817,1.80379746189876,1.61750556307894,2.46389104490085,0,1.57952201460431,1.7861133951916,1.8286288269026,1.95644639219042,3.82526834483462,1.67787366110638,1.621981139399,3.18310997151471,2.05753044390856,2.18603178205087,0.950945237104017,1.93782346127271,2.54666453068146,1.99388537600385,2.39059360666633,1.93381232678448,1.67164331843969,2.84359933583022,1.6379807133555,1.37834201707395,1.49045315381218,1.29931748785433,2.20122980858011,1.95254577798948,3.17842330574125,2.5347252710938,2.23029962089546,1.8693991844462,2.07379529567321,2.51848104471674,2.25863578715594,1.25475068106683,4.04027176766989,2.03447532463437,2.64630490989548,1.41751103067289,2.07901690294935,2.27184353591645
1.55423351995066,2.03260414633335,2.71211293244273,2.01149680790488,1.86517553158627,2.50773955906884,2.12462290369413,2.11142473230177,1.44573229464521,1.7070297321316,1.82226609067062,1.8681967394104,1.57576271618487,2.03117564026987,1.56184210413895,1.67612705169286,3.72519873964622,1.23749718621736,1.34265971032899,1.02729081440326,1.32814968262385,1.8633237767308,1.57048232512025,2.09326653044847,1.83074122999966,2.39869674047185,1.95487040957109,2.34225733272191,1.2623717428133,2.15912753238338,1.57952201460431,0,1.43092715964897,1.69699981296535,1.97956233565241,3.83264776142603,1.66807116454152,1.60222196833727,3.17445618208031,1.77495356155391,1.63647397739604,1.65275410858585,2.1403941969254,2.25647075298601,2.25151396013644,2.31983630991579,2.37450027227578,1.84860410436659,2.72884873770954,1.83097377431523,1.64033676004819,1.63447618834713,1.6042161345011,2.29273627300892,1.73223363668468,2.84081686831143,2.3097217458987,2.25982483651213,1.90031119006661,1.97395146036974,2.15813429249608,1.58888165713284,1.36407593745434,3.78333091172061,2.13865520546049,2.20806467226723,1.55685673075404,1.79766042872023,2.18525934498678
1.95282775869728,2.34044294558282,2.26286599003248,1.97341453011948,2.20505818706224,2.14116856176447,2.2029144015784,2.36313745601481,1.48996234801461,1.31802359235044,1.96346839745209,1.73472084442651,1.3397348952311,1.85058950493819,1.34673176057955,1.6920816889316,3.79571059616712,1.53845580684669,1.18664091282713,1.21288663752004,1.25726960944277,1.81404003455097,1.67770152160302,2.14089627450512,1.77181021201723,2.8051106984422,2.24568745871078,2.54583124347904,1.58086273006247,1.96188127946777,1.7861133951916,1.43092715964897,0,1.86572705872237,2.43705554479184,4.07689899909977,1.77711095917683,1.57794721799057,2.80618659502909,2.12708198078975,1.53090761091904,1.79955362733326,2.02553826591464,2.63352494186843,2.80184819357411,2.58950184242076,2.49525782269548,1.80269681016142,2.87819926648094,1.44996808367634,1.93263588355866,0.946436617199602,1.38601011421219,2.16131355246388,1.77503861892742,3.21713706319456,2.40111559792525,2.07421419899161,2.0434717377974,1.81166225445521,2.62220732679356,2.25050631101591,1.59824962476076,3.6196544113837,2.48232169892444,2.29401351369482,1.71743180372367,2.04785885306258,2.33867425806549
1.89407987500615,1.90983852548279,2.75890864898755,2.28925182920921,2.18424947194366,2.44595821860367,2.25959204975047,2.21832556510785,1.51910276499728,1.90885347251448,2.67425716712248,1.69195154777345,1.85257353242265,2.41096630750387,1.64338232049847,2.00293237652898,3.59084153821073,1.78406174651806,1.68957524959774,1.81445694357741,1.94293761159794,2.37426630251491,1.55617775495317,2.14549274572641,2.14444903428194,2.65281790456055,2.21037973944523,2.49836625740898,1.76091752444567,2.13814232459984,1.8286288269026,1.69699981296535,1.86572705872237,0,2.29684091098111,3.73800578344924,2.00899550309285,1.5890232148347,3.26916488755596,2.10596606884118,2.10468569101604,1.64810298180656,2.22169778661791,2.40639397674694,2.56217637140419,2.12763557022996,2.84942926664509,2.46753595042057,2.81565359788864,2.03827011446598,1.5681827350893,1.85923415015364,1.89367429826518,1.95226495587585,2.299268232139,3.087284811899,2.1828742304223,2.28873132881527,2.62639717497358,1.87417878369629,2.22923636694577,2.14762026789206,1.66644733945983,4.04481394693235,2.09698926935545,1.76310723796542,1.71705670377928,1.96839973993488,2.11660619575543
