"alicia","bat2","bat3","bat4","bat5","bat6","bat7","bella","betty","black-panther","c","cat","cc","ccc","ccs","cerce","cerceson","cindy","cs","d","dcd","dd","ddld","eve","falcon","flapper","fran","gayle","gremlin","hera","hilga","hulk","jenna-bat","jupiter","kelly","ldc","lds","lsd","mabel","marce","no-band","ola","opal","piper","queen","r","rc","rina","s","sam6","sc","scc","scs","sd","shania","sheldon","six","snow","son-of-ola","speedster","ss","sss","streblick","vampison","vixen","zaria","zelda"
0,2.09459357488361,2.6006172746569,1.84486813538038,1.65308442262421,1.64171153480423,1.98114892410744,1.57060243566415,1.9185337666879,1.8663953035641,2.03971979472687,1.75243291133455,2.23345273525322,2.50700984172768,1.93377372414079,1.67867141309906,2.68226442406425,1.52559957000585,1.49028530575903,1.52145915284356,1.83949123687084,2.43540853589558,1.89118237278535,2.25473973650596,1.81182278678181,1.76179337207011,1.87152312330528,2.40811438407364,1.58549410031489,2.27422354318512,1.86537885131287,1.42244348537219,1.76062160125992,2.40477370020664,1.51182153542482,3.442068756406,1.51761636146153,1.76629009328253,1.93132953193505,1.86570308120763,1.94621026115638,2.32316322928871,1.89112021172041,1.54929762389628,1.79793868534076,2.98195288692513,2.04138192382539,2.34891839548657,2.18766163874543,2.03174732939201,1.83838948566911,2.0051057734196,2.15185327091704,2.15723597593071,2.60507656378743,1.81469597867472,2.38810375413,2.58417235511153,2.05963336806054,1.83153204105206,1.75084203230913,1.46351791779123,3.79718049068729,2.19905949988954,1.09424755087854,1.4287814608533,1.47409564729444
2.09459357488361,0,2.91515707827394,2.44668975257897,2.39853051678108,2.29668201094317,2.6552264423665,2.0490766527246,1.77799137306812,1.72321901892801,3.10626416825534,2.42619881999565,2.22287535013279,2.39428841915275,1.56245850036569,1.98971172308243,3.37424260267397,2.14801014298678,2.13626391651272,1.97707096406193,2.1782974823314,2.75344650657155,2.10831709786145,1.52639887905228,2.32066468970609,2.27228144312124,2.55759268756642,3.16660888355282,1.74331553468515,2.7895539100277,2.42781609016956,2.18119414999461,2.1967558952846,2.73583198105812,2.48510718119785,3.50464384086194,1.61291650101313,1.31447064494024,2.58158148572576,1.82558362911987,2.06282618761335,2.12091965548091,2.64689608021493,2.57234543286804,2.84086822363616,3.69400357341741,2.39843561493554,3.68537052550315,2.04066407195205,2.62192530143307,2.21304406857543,1.95978189740928,1.70221811981849,2.4870680210967,3.52951037606676,1.7568456055544,1.97144507034759,3.19606337909232,1.59010156627064,1.79718723413081,2.11830249189201,1.51234781497061,3.97306469050782,2.45062849911049,2.10981369889554,1.75388268549757,2.70581751766263
2.6006172746569,2.91515707827394,0,2.00088798844747,2.89593545949034,1.7781852469702,2.7451210878159,2.59674468699319,2.98042068665127,2.15036814202422,3.13854504937326,2.40717916446495,2.71001305586016,2.81973813629698,2.54268700147633,1.81420818029194,2.00717461947525,3.00313615483175,2.6290283932481,2.6238132495975,2.53416370452525,3.00829949443115,2.39226240800404,2.43853513997601,2.72775066201836,3.27007697024927,3.45844409960114,3.85104405794108,2.60282128700841,2.83792505083149,2.99463056337212,2.59563634519561,2.04123480686394,2.71691392308733,2.97830058367162,4.62933726325068,2.69080319026561,2.27497368592127,3.49238357733122,1.9362681481338,2.97473548963717,2.72283852998718,3.48171627213764,3.41891821781652,3.24974510095136,3.91811896562891,2.71566021222042,3.15338921197737,2.52753240694895,2.88927351496173,1.84467038746862,2.71898085205371,3.26949476022903,2.87979279551652,3.82233574746131,2.48024703861073,2.5878467039342,2.85783407961716,2.10950791604777,2.9311361904737,2.83892587948658,2.63325592353347,3.47554482151813,2.24451330280463,2.48225178003917,2.31725141246908,3.15303187142901
1.84486813538038,2.44668975257897,2.00088798844747,0,1.65903398525471,1.85502619207041,1.71545587518789,1.5438880744159,2.67728095106917,1.99396921969265,2.1471619872642,1.99635720664712,2.70048395390144,2.42369669699878,2.06859192412342,1.46344704679698,2.9956920533746,2.6293707706066,2.092059211958,1.79269574736749,1.66359782328892,1.90438990876813,1.78597250752467,2.35981737189164,1.67527519095134,2.02168422042369,2.80227112199439,3.02635110629172,1.95295372828377,2.87192764999282,2.05892089093018,1.95253658435539,1.7723774540672,2.935061578215,2.10643037693716,4.50258300003497,2.0551305900111,2.02404643021777,3.14461777647053,1.75183089139371,2.30409801709873,2.20478507582269,2.98453597826012,2.05764556161869,2.69760775723201,3.40750416538224,1.24141649227391,2.53676812756807,2.12455241585918,2.32538023087274,1.57286549091293,2.13150959719926,2.87282509413156,1.84466074352823,3.0141151501992,1.79148235639557,2.0344306965796,1.95956131371359,1.99364839683673,2.25370356149485,2.39360537393153,2.04774172113035,3.14205275129942,2.73187516534835,1.87359637011822,1.58642830518059,2.71101215253356
1.65308442262421,2.39853051678108,2.89593545949034,1.65903398525471,0,2.2059799982108,1.70753041163214,1.80189939328678,2.37126691170459,2.11504164864843,2.2979596854629,1.58722813003044,2.71242179218853,2.69376210497654,1.9311246914295,1.84750876086568,3.31829180454031,2.44339980613789,1.83560370063724,1.69604269364606,1.46159981646098,1.81803547970612,1.61448134455998,2.56598057239207,1.33678742808066,1.53314168988628,2.23703785777134,2.54631258091037,1.7849365777577,2.57088566014098,1.43593527872297,1.95515386331358,2.10284768012853,2.94986156426569,1.98257218574139,3.97056974794655,1.74952787839087,1.96058058529236,2.69471945104429,2.12095448512965,1.6722155915164,2.03370613030565,2.46035786199379,1.30577030143349,2.41391932442738,3.18466959614056,1.59581436322617,2.34079864852167,2.28347093011416,1.6022962698159,1.93978522892287,1.80501534350901,2.49195211309313,1.84310820335342,2.81397753332324,1.92631506741777,2.31929172935899,1.81451132958603,2.15514066468139,1.91029991203054,2.23171940409226,1.62151075829542,3.73969386908645,2.8124786683112,1.37671776470147,1.6002537940549,2.26676625491376
1.64171153480423,2.29668201094317,1.7781852469702,1.85502619207041,2.2059799982108,0,2.02882090449214,2.25835903204689,2.19341969783638,1.87494420192373,2.55927803174791,1.7213372108148,2.33005827796392,2.51927477104548,1.96547056366332,1.6998719310121,2.13833753922654,2.17550347977165,1.70323555831417,1.99707411922962,2.03064572395507,2.75353380750746,2.09132317462576,1.78808839114205,2.15724973619118,2.5193478713753,2.43281802922377,2.89851518301115,2.17098003577275,2.24330438031849,2.23334417380456,2.12696673578355,1.7564975618852,2.29332905206918,2.42362562976249,3.77806404732943,1.8250863494094,1.5344540937131,2.50829899952929,1.94440626204486,2.01840213203903,2.12160758974936,2.62302475075178,2.54680334302971,2.56483900870812,3.27951635499228,2.37097485828072,2.86549544504935,2.08715994326855,2.41633140543814,1.64818131023773,2.04661775645677,2.20609062734013,2.50642694090478,3.39147731839762,2.11283390126776,2.07127819481439,2.85435121681795,1.62263278373351,2.33992930359818,2.28645621369398,1.70451250695241,4.14313640399493,2.08114668928307,1.7183053273492,1.76808022605782,2.22868146584199
1.98114892410744,2.6552264423665,2.7451210878159,1.71545587518789,1.70753041163214,2.02882090449214,0,2.38950256525473,2.4654337103798,2.34197483967295,2.0765719941698,2.03506258901789,2.72524445321943,2.73792253234485,1.82429529646252,1.93384445604615,3.2812117886912,2.4147166554454,1.59777676177269,1.9097017398888,1.45474077260248,2.17824327697413,2.23402073909306,2.45068012538058,2.02831703280955,2.30111653277189,2.50116211162194,2.48798184595446,1.97414648887435,2.75733688865581,1.75305688011073,2.04672019962186,1.84362302067695,3.06990235691608,2.51968877405665,4.27925105197293,2.10042751468873,2.11045198009416,2.87575673629833,2.41539947801215,1.8887408887232,2.09245280400105,3.27720345005207,2.02198221680356,2.80232697859259,3.01876090261303,2.11100669509243,3.04643503427547,1.90401583818345,2.36626530234961,1.60447615271055,1.6666733025051,2.34197590050934,2.29318175137715,3.72740107315016,2.4207289410033,1.94672520384954,2.17019158537846,1.97518389171395,2.70696375840912,2.68317192989176,1.81443048825089,4.13322223900083,2.8799719396439,1.80315446946472,1.90032633690146,2.86197559249264
1.57060243566415,2.0490766527246,2.59674468699319,1.5438880744159,1.80189939328678,2.25835903204689,2.38950256525473,0,2.59574009003558,2.06139186130665,2.71665058065893,2.05071379632181,2.74752572057343,2.6800018315399,2.23420448926525,1.56309240839837,2.84442543087834,2.48240390671796,2.406855398257,1.9947971330944,2.20592783149328,2.28643379191416,1.72052813885574,2.57571754086968,1.80479464957389,1.30170649905821,2.86856794795667,3.31833787018861,1.65815157336892,2.95230062741467,2.3729868924743,2.07359748167724,2.17769983929078,2.84580360942181,1.60269271144054,4.45594771934991,2.0948632771881,2.1225349108353,2.98104409295637,1.75190600536235,2.51496564377656,2.64574410936143,2.41620275773651,1.89817782634115,1.99025745403148,3.7112879614516,1.77426736014638,2.34717396168312,2.58676070349074,2.47838199142947,2.17350905945284,2.45383042210917,2.77073603527655,2.05928197930464,2.29173972706603,1.30274835546492,2.55285147508064,2.53688759699444,2.18819873391942,1.26382204938077,1.99132027379263,2.0872969601842,3.00765656706613,2.14794296995597,1.72921561500707,1.19692006455696,2.1485484426196
1.9185337666879,1.77799137306812,2.98042068665127,2.67728095106917,2.37126691170459,2.19341969783638,2.4654337103798,2.59574009003558,0,1.42337025332123,2.54399117331399,2.14359531420439,1.28346323758084,2.23844255222081,1.14323532060995,2.23901967721322,3.23872512406366,1.28654648640595,1.32248698667496,1.26207712605383,1.65921895528811,2.39972294831728,2.00508898391987,1.96982006976828,2.11594854709232,2.80976730471972,1.62932518754334,2.7201087443135,1.593781587714,2.06589015155248,1.90648739902426,1.50693395950152,1.48586587050356,2.03209844602683,2.50332072580901,3.00499211118677,1.67825496781124,1.4707756261146,1.34852802264147,2.06061785992044,1.54506003319493,2.08139949014189,2.28929730883323,2.736586623332,2.45707463565827,3.17964042361977,2.43641938693426,3.48655197609828,1.5761979355127,2.05360029262719,1.86463988113521,1.15731997519478,1.42495523283447,2.26141568794221,3.50095500378427,2.56186139006992,2.21216110587317,2.89322829006262,1.83659059363175,2.55246366175839,2.0826355937034,1.26445715315124,4.37504993905699,2.50558422102926,1.62650212965184,2.0987551535745,2.24935963543833
1.8663953035641,1.72321901892801,2.15036814202422,1.99396921969265,2.11504164864843,1.87494420192373,2.34197483967295,2.06139186130665,1.42337025332123,0,2.55429181389087,2.06495301628561,1.55987447285352,2.46047738425941,1.14924642906307,1.61410158339065,2.75375450172121,1.97247561967959,1.68127178017882,1.32784773975709,1.66908769500682,2.18620621125825,1.69424954063062,1.89728798084622,1.90718966231141,2.53995914786962,2.21227711412755,3.15364899915288,1.34225277682283,2.18847620367473,1.99494370039466,1.62794207204936,1.37197837966091,2.16538694872647,2.0983595576038,3.85714030441188,1.90411250390266,1.53374888898121,2.12826561922027,1.31830333369795,1.97750834012655,2.29372100937625,2.34211869258855,2.50587372834735,2.28090206636779,3.39116982774259,1.97897089239502,3.09325942084227,1.52635847734875,2.30607287378765,1.56816560577621,1.41653065462779,2.01497679702698,2.16140762206504,3.18139374653888,2.19361633419941,2.25052792605152,2.60876815643949,1.57374709672429,2.25601076694334,2.14217232220886,1.41795986803136,3.96233987800342,2.32378928023551,1.49465827344026,1.55058936000572,2.15697625810876
2.03971979472687,3.10626416825534,3.13854504937326,2.1471619872642,2.2979596854629,2.55927803174791,2.0765719941698,2.71665058065893,2.54399117331399,2.55429181389087,0,2.76156963836718,2.88772124339612,2.95693623821405,2.33854667662304,2.15295486808105,3.66605840995542,1.91650471167241,1.64358371794174,1.65827148153569,1.7851561475046,2.30715909172228,2.47061975791708,2.83812390980826,2.38483150867486,2.91982598943891,1.83499202654715,1.7841463507104,2.47034403562702,3.17311261120423,1.61032958788345,1.84168142331624,2.09517420855811,3.34021206554625,2.37239352773663,3.94081259749347,2.1519173776866,2.61849621711281,2.38761838522369,2.7781719499383,2.24803284132703,2.6939417736954,3.04129168631702,2.17452778719153,2.84069390504553,1.7403347756248,1.94949277417147,3.17788994335439,2.04892738818729,2.5740162621438,2.11883936628879,2.25683999154554,3.09360097257074,2.49015856851767,3.5320654835064,3.1289048886732,2.82187466931147,2.57424939413845,2.83375302879621,3.19686736405055,2.42828012107106,2.30795247717526,4.01491013956198,3.34093991981646,2.12749683058799,2.63589788700455,2.64555038416018
1.75243291133455,2.42619881999565,2.40717916446495,1.99635720664712,1.58722813003044,1.7213372108148,2.03506258901789,2.05071379632181,2.14359531420439,2.06495301628561,2.76156963836718,0,2.07676800786233,2.00884656336765,1.85048583389743,1.94309786204739,2.58314675052603,2.39797466410853,1.67112800740787,1.92191022076678,1.64494885137419,2.26490337766236,1.21170207013687,2.35876987269722,1.13814087839153,2.18365552619153,2.59987775265277,2.882052436943,1.90112251835917,1.64797745204262,1.99954357758092,1.96384733021873,1.71662794474601,1.96465277530622,2.67520162272729,3.77986708702403,1.7146500278989,1.62729059541701,2.74674826522258,1.94191812175465,1.72855761025524,1.80852831989432,2.53654581152214,2.45966153168011,2.61412443514806,3.57297055437316,2.14336781605683,2.12631809084994,2.3753855310809,1.36119604568806,1.51436730674596,1.79133296598269,2.29815765366295,1.62317449601463,2.94949423766671,1.71177093352491,2.04714609410406,2.06791177690612,1.73100798761539,2.01219161069839,2.10069195139735,1.67292804902637,3.66661308520043,2.02593250841786,1.61784985432075,1.56369516820211,2.4060358734846
2.23345273525322,2.22287535013279,2.71001305586016,2.70048395390144,2.71242179218853,2.33005827796392,2.72524445321943,2.74752572057343,1.28346323758084,1.55987447285352,2.88772124339612,2.07676800786233,0,1.8456690241523,1.68228746209115,2.35414997925859,2.95909756677703,1.90853877968457,1.69793198404215,1.74421551037797,1.93051929209462,2.73544115939634,1.98895383537514,2.4154537618943,2.05759644178439,3.0128977106591,2.52704506753804,3.27113248039013,1.59002479155381,1.56229945586362,2.51018595771376,1.54471286050203,1.37260436042362,1.91695814961658,2.88206539946166,3.63611035308761,2.14238644392852,1.87714218154252,2.21368107255407,1.63282750956176,2.19962688086668,2.45241086614429,2.46941928860762,3.22507459999166,2.77833055626575,3.78524439275047,2.61825241774609,3.22592455374538,2.19024474582222,2.28441967050356,1.79872664227613,1.62250203831114,2.16176027733344,2.03242986856482,3.35198041784534,2.51490761671706,2.42276424403687,2.74952609904497,2.04938708115215,2.7103989886004,2.11315079693276,1.67875557062007,4.12627917106822,2.43156571870609,2.10196722005304,2.07574173083044,2.68445039865582
2.50700984172768,2.39428841915275,2.81973813629698,2.42369669699878,2.69376210497654,2.51927477104548,2.73792253234485,2.6800018315399,2.23844255222081,2.46047738425941,2.95693623821405,2.00884656336765,1.8456690241523,0,2.15203398909632,2.3603505356326,3.39307755312089,2.42624048602826,2.10944360606697,2.11202805963213,1.88584830179777,2.52199914275756,2.0797711740287,2.30389269903646,1.96736612797709,2.90300056763304,3.14172318103903,3.29508926891124,2.23439480147634,2.35511928494265,2.72830296440527,2.01171798859194,1.76417084869043,2.69792036917576,3.36599716228254,3.92075165070536,1.88497560143697,1.84963898643237,3.10822551653868,2.01357979121307,2.34915185284681,1.79759713533336,3.24565706861415,3.39089801060427,3.58447252404995,3.8916780334308,2.23113884934108,3.36044655080597,2.53319112769812,2.1983672254618,1.78167048915778,2.13349223246997,2.65868708076277,1.54545661540404,3.61395354068494,2.07941970218767,1.81951342513008,2.32281471912101,2.06568886946983,2.65156028265218,2.16899923226003,2.10763750240984,3.44035616120269,2.74131690863472,2.5236388486031,2.27885521942008,3.46536596697839
1.93377372414079,1.56245850036569,2.54268700147633,2.06859192412342,1.9311246914295,1.96547056366332,1.82429529646252,2.23420448926525,1.14323532060995,1.14924642906307,2.33854667662304,1.85048583389743,1.68228746209115,2.15203398909632,0,1.66232152139089,3.14817466693238,1.77703847974903,1.20946268186207,1.08847139684944,1.08195573008069,1.81579327277986,1.56461998763244,1.530521023024,1.72124849011234,2.52269704404949,1.98929808103739,2.68299542915933,1.38150131387212,2.26983234273734,1.48111498540603,1.59092802207082,1.3226292295677,2.22939028835137,2.41941590824305,3.56094066508215,1.46461516615812,1.1241861568656,2.10403770590764,1.83818212870563,1.23649042920109,1.57252995872777,2.74543161711704,2.44948209544453,2.62680807717049,3.03472923954565,1.92556967862569,3.35481268378712,0.986443554826661,1.91537719776602,1.28143903787076,0.64319555476135,1.53111563045366,1.92125389280667,3.60470754032406,2.19756672324208,1.59102461910887,2.3793701737721,1.13249867045552,2.35843689812178,2.13240733663918,1.05095529011725,3.97856401971245,2.37900898507027,1.50884939017598,1.67947736617307,2.54365552629591
1.67867141309906,1.98971172308243,1.81420818029194,1.46344704679698,1.84750876086568,1.6998719310121,1.93384445604615,1.56309240839837,2.23901967721322,1.61410158339065,2.15295486808105,1.94309786204739,2.35414997925859,2.3603505356326,1.66232152139089,0,2.49476308427555,2.0055088971763,1.72264238448386,1.54924089834573,1.55738816806959,2.09276108565146,1.58083140327195,1.86041364479432,1.83370077844413,2.05185091199268,2.55814097975143,2.92582832331448,1.52174465062048,2.66238700494776,1.84251591845685,1.73017539973651,1.54527290923793,2.83373227513115,1.87462578077258,4.22439988499039,1.58321369189019,1.58775461356608,2.70985536582408,1.47746728092223,2.00313191352757,2.10254680985314,2.65928726471272,2.16938396226501,2.42114048772149,2.91434929289713,1.65811115770126,2.7610564510578,1.78317429509215,2.31080812108747,1.31013712947292,1.89757734359709,2.6086693642394,2.01274021017426,3.0337577729409,1.77697704421512,2.12971545821318,2.18114706591416,1.64079205801742,1.89177079178348,1.65500203947262,1.58429257809843,3.06978415293541,1.89307035223791,1.47660741693359,1.38715842337576,2.32783517102935
2.68226442406425,3.37424260267397,2.00717461947525,2.9956920533746,3.31829180454031,2.13833753922654,3.2812117886912,2.84442543087834,3.23872512406366,2.75375450172121,3.66605840995542,2.58314675052603,2.95909756677703,3.39307755312089,3.14817466693238,2.49476308427555,0,3.08382421675723,3.00881778706967,3.14147271946185,3.22882091212012,3.6848430743329,2.80139832995503,3.16096732843784,3.18536281811856,3.33813247629481,3.62666380605433,4.17125499596543,2.86401947506638,2.79019534979938,3.47682269183962,2.90609256426797,2.72841564221431,2.66029539093956,3.05726642532555,4.82172255371151,3.18712107509731,2.81369134344074,3.40543067575718,2.50630580817168,3.37264717916389,3.43068532323756,3.16791336229421,3.67601853134148,2.79582114694267,4.29434065821539,3.4831638710084,2.98549326022058,3.3929107962158,3.29476559954503,2.7778240936522,3.25516304866397,3.52632144864024,3.45067006405794,3.56961690187592,2.8469126987061,3.34622654624105,3.60454145469816,2.72778380664922,2.77677177630114,2.72305905470103,2.91882903626604,4.38686130889967,1.71023089493515,2.7361804300381,2.47149801754588,2.83980787352286
1.52559957000585,2.14801014298678,3.00313615483175,2.6293707706066,2.44339980613789,2.17550347977165,2.4147166554454,2.48240390671796,1.28654648640595,1.97247561967959,1.91650471167241,2.39797466410853,1.90853877968457,2.42624048602826,1.77703847974903,2.0055088971763,3.08382421675723,0,1.23362483991927,1.40131435997491,1.8189408879578,2.64641306985641,2.26143116222717,2.22246141509836,2.38545404058248,2.70438979829497,1.45975433232951,2.20521066897824,1.80558358783991,2.50494678355098,1.86965842908439,1.38740004348111,1.64056944296266,2.54331731561273,2.12988317997335,2.99460600669874,1.59729736651454,1.8130976098686,1.22368988677518,2.24967418601899,1.81161893333486,2.37898652810344,2.24706591609785,2.46576980944783,2.20123226425549,2.46118468759319,2.42586460024457,3.34471627798711,1.8696114247411,2.28220556738486,1.95231259987905,1.82541544652909,2.0591814339492,2.4760513170773,3.34990446025204,2.65399863326891,2.52974543827162,2.96083298225249,2.27169798798846,2.55252101499813,1.72301736012108,1.552208507087,4.12128425659239,2.4074040789013,1.51956726868606,2.22502860827874,1.99426650121145
1.49028530575903,2.13626391651272,2.6290283932481,2.092059211958,1.83560370063724,1.70323555831417,1.59777676177269,2.406855398257,1.32248698667496,1.68127178017882,1.64358371794174,1.67112800740787,1.69793198404215,2.10944360606697,1.20946268186207,1.72264238448386,3.00881778706967,1.23362483991927,0,1.10805141399094,1.0498880005075,2.16999201005096,1.71047759225085,1.93061549533692,1.68868157325029,2.50688185645699,1.49583249767909,1.84846402791694,1.62715304607238,1.97085799420802,1.24278983286293,1.31814582196616,1.19675453743709,2.29138432846269,2.35600764798989,3.22307478463191,1.25762444167709,1.45453451130348,1.75066568102888,2.01166629669062,1.18799658929253,1.77206671620396,2.4633518269524,2.16991692496801,2.47454220869863,2.36937734267483,2.00026379037534,2.9547254262968,1.39509224805557,1.77218689994191,1.21655818722205,1.09880459021522,1.80508860432125,1.93466072583303,3.39465861483816,2.36839894581646,1.93616131542307,2.33677927750067,1.72452966434925,2.51393455712264,1.89572995771355,1.11775853899702,4.05946705004159,2.40648120300644,1.3328238974151,1.86607308907987,2.19041472368908
1.52145915284356,1.97707096406193,2.6238132495975,1.79269574736749,1.69604269364606,1.99707411922962,1.9097017398888,1.9947971330944,1.26207712605383,1.32784773975709,1.65827148153569,1.92191022076678,1.74421551037797,2.11202805963213,1.08847139684944,1.54924089834573,3.14147271946185,1.40131435997491,1.10805141399094,0,0.924600848869913,1.47593089721975,1.51638784338522,1.90919278639595,1.51763103638447,2.28490218443497,1.58835441787894,2.44381972160436,1.32971448320581,2.35229354486007,1.16873339641265,0.975840645214263,1.19518420864312,2.40555665555502,1.94095540137132,3.56122556591394,1.38375835291018,1.4825611888886,1.74034337626428,1.79902696888007,1.37467607478973,1.82687808376114,2.32341420025047,2.05868619816625,2.30529220890539,2.6883254697189,1.39191013509011,2.97277331843804,1.27973238762688,1.76823747611966,1.39992152017073,1.07742869167057,2.07575576990988,1.63601238999015,3.08437052810429,2.2496432424908,1.99824430986188,2.0881832501081,1.77631009470324,2.30280714661577,1.74460329948624,1.15141759396639,3.72304122270594,2.5281918076415,1.27272254825729,1.72585635524121,2.1407518818328
1.83949123687084,2.1782974823314,2.53416370452525,1.66359782328892,1.46159981646098,2.03064572395507,1.45474077260248,2.20592783149328,1.65921895528811,1.66908769500682,1.7851561475046,1.64494885137419,1.93051929209462,1.88584830179777,1.08195573008069,1.55738816806959,3.22882091212012,1.8189408879578,1.0498880005075,0.924600848869913,0,1.34864895775014,1.44043116867701,1.95433850556615,1.3496051070677,2.34867022176009,2.01970202720813,2.34979903191811,1.5089582605939,2.35408089478756,1.08271395649827,1.33465556667337,1.16499517379942,2.57432214678417,2.37894652680674,3.75031666476247,1.40323848363529,1.44126480797419,2.32681605769341,1.89058987402367,1.15946954747538,1.37817093028036,2.84432324692618,2.19569058411204,2.72987600112179,2.73268419828734,1.37658888465012,2.98981268207389,1.34122347978786,1.4796184070592,1.01417002009855,0.902878812888063,2.15813967319828,1.41301994125568,3.42415827172656,2.20231416777518,1.6079330450046,1.55739875290322,1.58437612046875,2.45090973749195,2.02514358518372,1.2495858173244,3.61587492124661,2.62190051456227,1.40849151983107,1.78025858577494,2.66166387677694
2.43540853589558,2.75344650657155,3.00829949443115,1.90438990876813,1.81803547970612,2.75353380750746,2.17824327697413,2.28643379191416,2.39972294831728,2.18620621125825,2.30715909172228,2.26490337766236,2.73544115939634,2.52199914275756,1.81579327277986,2.09276108565146,3.6848430743329,2.64641306985641,2.16999201005096,1.47593089721975,1.34864895775014,0,1.86168968563493,2.55055737130157,1.80377266499529,2.6406712737914,2.64378966195796,3.1113559249167,2.15326723507164,3.19116624586093,1.63644703157903,2.03811357134494,2.00792307196262,3.05735914215048,2.65132160056531,4.4752030043054,2.20615611658204,2.18192899295074,2.9662350987425,2.50368079980233,1.95623998344694,1.93160482339737,3.37534507779415,2.51029246741615,3.07962949060928,3.27139597207984,1.36053074472088,3.28378361672363,1.99378850099462,1.98017778259267,1.94384682494403,1.72663043511234,2.87518247660088,1.78999241643343,3.61967766502738,2.55451256836216,2.1032313988042,1.81490531250555,2.15031014289726,2.79326501438455,2.6536752833442,2.11646993580836,3.68984097367722,3.10197049016354,2.0369229368145,2.26286043637012,3.09903123881279
1.89118237278535,2.10831709786145,2.39226240800404,1.78597250752467,1.61448134455998,2.09132317462576,2.23402073909306,1.72052813885574,2.00508898391987,1.69424954063062,2.47061975791708,1.21170207013687,1.98895383537514,2.0797711740287,1.56461998763244,1.58083140327195,2.80139832995503,2.26143116222717,1.71047759225085,1.51638784338522,1.44043116867701,1.86168968563493,0,2.22941131941891,0.910363903141028,2.1889292620016,2.46537494018888,2.91986731480352,1.61169768281012,2.11761580663773,1.64372331294302,1.64469445272403,1.66794212490884,2.097990715392,2.32821783466676,3.93123606392544,1.65540283466307,1.54021940538823,2.70663773036857,1.71384176402641,1.61355099984858,1.92827489623576,2.44328895259898,2.37049838771437,2.49461679192147,3.33092637366747,1.62791481014013,2.32400715127139,2.08166781322788,1.43465778248824,1.50627374139507,1.67505214649402,2.57934077369981,1.30255036148733,2.74078118223121,1.80009988955544,2.12748170113733,1.98879607788539,1.73212180827599,1.88899896523662,1.70096428218058,1.584441596874,3.23015631566193,2.07782820894158,1.68626523442952,1.54927865584568,2.41730912234099
2.25473973650596,1.52639887905228,2.43853513997601,2.35981737189164,2.56598057239207,1.78808839114205,2.45068012538058,2.57571754086968,1.96982006976828,1.89728798084622,2.83812390980826,2.35876987269722,2.4154537618943,2.30389269903646,1.530521023024,1.86041364479432,3.16096732843784,2.22246141509836,1.93061549533692,1.90919278639595,1.95433850556615,2.55055737130157,2.22941131941891,0,2.46274093274249,2.88823987308054,2.57702082293749,3.04930561575792,2.26994595517484,2.93900319401798,2.23009538626546,2.22045933130293,2.0260061754051,2.72582977812551,2.92274806805075,3.54642675861856,1.46613909306516,1.01264456611235,2.68396961856964,2.22803459225531,1.84773097027338,1.51109638873801,3.26854016020756,2.91037285041354,3.38728501163033,3.23834294477197,2.35154110676074,3.95024247790551,1.6051132164534,2.54434583598957,1.85112077599554,1.89411511164048,1.96886852937509,2.54653039568799,4.14454836717583,2.27412488003173,1.51435270637517,3.03564713067014,1.13852777133296,2.53582256623515,2.37666345167856,1.65452625335002,4.16699611297598,2.54370761073843,2.20993324922593,2.21536458870352,3.07510584546884
1.81182278678181,2.32066468970609,2.72775066201836,1.67527519095134,1.33678742808066,2.15724973619118,2.02831703280955,1.80479464957389,2.11594854709232,1.90718966231141,2.38483150867486,1.13814087839153,2.05759644178439,1.96736612797709,1.72124849011234,1.83370077844413,3.18536281811856,2.38545404058248,1.68868157325029,1.51763103638447,1.3496051070677,1.80377266499529,0.910363903141028,2.46274093274249,0,1.91646289712108,2.50170354809806,2.87243577449381,1.57623149956106,2.01232092510946,1.69454403699359,1.63959007614892,1.70619620111161,2.3980181010341,2.34428542879951,4.07367998601339,1.73162575209081,1.81166600158962,2.74838137100983,1.79676508657234,1.67030449293292,1.99494890342402,2.39595080986951,2.16493567141932,2.56658777552633,3.462863082055,1.50249763679165,2.13165423408722,2.25600367988185,1.4703214130759,1.58448983917604,1.64731018746965,2.54963676578185,0.842443769198147,2.55281309205954,1.82719570179194,2.19797639279601,1.63701412392631,1.97805136338302,1.99529510420803,1.89739919108353,1.61133634553316,3.35907524090931,2.56796754804441,1.67417248345485,1.47023371883169,2.45444670669182
1.76179337207011,2.27228144312124,3.27007697024927,2.02168422042369,1.53314168988628,2.5193478713753,2.30111653277189,1.30170649905821,2.80976730471972,2.53995914786962,2.91982598943891,2.18365552619153,3.0128977106591,2.90300056763304,2.52269704404949,2.05185091199268,3.33813247629481,2.70438979829497,2.50688185645699,2.28490218443497,2.34867022176009,2.6406712737914,2.1889292620016,2.88823987308054,1.91646289712108,0,2.91559436234508,3.23066334229757,1.77048192955265,2.98206171418608,2.44180125062537,2.34377208733442,2.60080441609771,3.42964925192832,1.86996254727292,4.50895628750311,2.20511881216339,2.39866447499616,3.05939133470471,2.08752167674236,2.51727331020757,2.79987309513222,2.32412568805571,1.55808042338132,2.25397658303536,3.85518534318147,2.1273130433313,2.47334696969816,2.98683576342853,2.62847234212929,2.56309658809007,2.54927528418272,2.75825458304376,2.23646962868405,2.32154849478842,1.54486075244965,2.81225617407318,2.52229744683142,2.59079514263288,1.17931669314551,2.14207587060285,2.04416330591815,3.5914233722094,2.66567234147725,1.90605670910564,1.36997353143903,2.30665149190052
1.87152312330528,2.55759268756642,3.45844409960114,2.80227112199439,2.23703785777134,2.43281802922377,2.50116211162194,2.86856794795667,1.62932518754334,2.21227711412755,1.83499202654715,2.59987775265277,2.52704506753804,3.14172318103903,1.98929808103739,2.55814097975143,3.62666380605433,1.45975433232951,1.49583249767909,1.58835441787894,2.01970202720813,2.64378966195796,2.46537494018888,2.57702082293749,2.50170354809806,2.91559436234508,0,1.75596724274018,2.36585694183035,2.68471100747382,1.57123321167322,1.92791041000017,2.25995168050726,2.72846263925074,2.32485280678197,2.71904226103872,1.88405007889213,2.21672853349395,1.11884947212328,2.83375244053818,1.76694338414432,2.55614073907341,2.24604251809769,2.14862723329667,2.42904114039145,2.24445569545451,2.53246850316362,3.3967294637082,1.9279505008675,2.26848808302705,2.47602804864091,1.9011899382942,2.15054380660396,2.85927575867463,3.52859371254039,3.10816946334443,2.845903392515,3.21683797909839,2.64976209477154,2.90775681624551,2.38734103532619,1.83495005068026,4.77131174974267,3.16134689200285,1.84604514388181,2.61610519817481,1.94328639757431
2.40811438407364,3.16660888355282,3.85104405794108,3.02635110629172,2.54631258091037,2.89851518301115,2.48798184595446,3.31833787018861,2.7201087443135,3.15364899915288,1.7841463507104,2.882052436943,3.27113248039013,3.29508926891124,2.68299542915933,2.92582832331448,4.17125499596543,2.20521066897824,1.84846402791694,2.44381972160436,2.34979903191811,3.1113559249167,2.91986731480352,3.04930561575792,2.87243577449381,3.23066334229757,1.75596724274018,0,3.06579284962717,3.27506694643498,1.96528057194087,2.65915679112501,2.76937691617678,3.46119630832842,3.16908595462883,3.10926595229264,2.1684248509265,2.78099066564945,2.56493338310807,3.39589728592048,2.27431218406898,2.72705393175437,3.31095327720578,2.36476150023506,3.36195614855646,1.68833120148857,2.85733183047409,3.62806488612248,2.54112362030128,2.63104880767161,2.71258431592856,2.58893256194894,2.81068203712088,3.14694151999334,4.129411446683,3.3332056626927,2.96783610782098,3.32920416834144,3.0866957258993,3.41971493873911,2.9890553554325,2.55676645249092,4.73390262181268,3.60056420115547,2.53971157542101,3.13212694070843,2.94708064385977
1.58549410031489,1.74331553468515,2.60282128700841,1.95295372828377,1.7849365777577,2.17098003577275,1.97414648887435,1.65815157336892,1.593781587714,1.34225277682283,2.47034403562702,1.90112251835917,1.59002479155381,2.23439480147634,1.38150131387212,1.52174465062048,2.86401947506638,1.80558358783991,1.62715304607238,1.32971448320581,1.5089582605939,2.15326723507164,1.61169768281012,2.26994595517484,1.57623149956106,1.77048192955265,2.36585694183035,3.06579284962717,0,2.16675659841195,1.94137834194123,1.23845127407995,1.44196515200732,2.50712845653426,1.74798514224748,4.08181686884144,1.86399268380652,1.72422401679135,2.24781983047309,1.22127372106415,1.89608999083926,2.34907524221056,2.15729472137463,2.14973656858431,1.97756020043219,3.47600088661674,1.97806671512962,2.7361596430069,1.98431794872418,2.13362809861709,1.64160655100897,1.43319621244457,2.11158030668435,1.7152456771209,2.69617635141782,1.84505326291167,2.29367074505498,2.12110366067077,1.81264913844161,1.7664644934452,1.67672926905996,1.20987310935367,3.53727097878623,2.14714076793404,1.33971451352526,1.05166976295464,2.16125581237762
2.27422354318512,2.7895539100277,2.83792505083149,2.87192764999282,2.57088566014098,2.24330438031849,2.75733688865581,2.95230062741467,2.06589015155248,2.18847620367473,3.17311261120423,1.64797745204262,1.56229945586362,2.35511928494265,2.26983234273734,2.66238700494776,2.79019534979938,2.50494678355098,1.97085799420802,2.35229354486007,2.35408089478756,3.19116624586093,2.11761580663773,2.93900319401798,2.01232092510946,2.98206171418608,2.68471100747382,3.27506694643498,2.16675659841195,0,2.75976612894563,2.11956558066837,2.01787711365367,1.89096275108577,3.11277127394123,3.59203032061288,2.34460203259573,2.29391737798522,2.5649443631138,2.11211083847037,2.46284427764561,2.71213916710488,2.22524652219643,3.14805490788655,2.85872793039459,4.03574536145309,3.01328189121308,2.4739399768199,2.75164248636105,2.22779531331775,2.17083019817166,2.11378733348563,2.44444354012532,2.3802122785793,3.07726036107217,2.53718738835552,2.84641613680613,2.89654101795058,2.47394883404019,2.67104672705026,2.33536853622445,2.00666126690218,4.41795431001685,2.5648667964115,2.28839650655584,2.12838865040994,2.52856040057625
1.86537885131287,2.42781609016956,2.99463056337212,2.05892089093018,1.43593527872297,2.23334417380456,1.75305688011073,2.3729868924743,1.90648739902426,1.99494370039466,1.61032958788345,1.99954357758092,2.51018595771376,2.72830296440527,1.48111498540603,1.84251591845685,3.47682269183962,1.86965842908439,1.24278983286293,1.16873339641265,1.08271395649827,1.63644703157903,1.64372331294302,2.23009538626546,1.69454403699359,2.44180125062537,1.57123321167322,1.96528057194087,1.94137834194123,2.75976612894563,0,1.72256650905403,1.90256735134046,2.82571160222694,2.21622744506757,3.62236858320789,1.59302786441294,1.78919259418853,2.16211536770735,2.47527848553028,0.993786317843029,1.887306957092,2.72772964376559,1.83400122502825,2.58944560609772,2.20411410628056,1.70224445980969,3.07005648077351,1.61601105012761,1.64439872562905,1.7368463369085,1.38905321448312,2.41512594257652,2.02396163264804,3.44414295925805,2.63266629035668,2.22898714524682,2.15050534941902,2.08044407169343,2.60781621704025,2.19255907723397,1.4545936981244,4.01096627851474,2.8232672628093,1.4836036353536,2.17228865039617,2.3826970791552
1.42244348537219,2.18119414999461,2.59563634519561,1.95253658435539,1.95515386331358,2.12696673578355,2.04672019962186,2.07359748167724,1.50693395950152,1.62794207204936,1.84168142331624,1.96384733021873,1.54471286050203,2.01171798859194,1.59092802207082,1.73017539973651,2.90609256426797,1.38740004348111,1.31814582196616,0.975840645214263,1.33465556667337,2.03811357134494,1.64469445272403,2.22045933130293,1.63959007614892,2.34377208733442,1.92791041000017,2.65915679112501,1.23845127407995,2.11956558066837,1.72256650905403,0,1.25564652334084,2.31668562787049,1.95186511410486,3.62216132377716,1.67454116755422,1.72414016461321,1.89213849341655,1.65840040670007,1.80063071013625,2.17089567866746,2.22069526520792,2.25805754401872,2.29999553805835,3.01600154065819,1.81105267060206,2.73035454767691,1.85199950543764,1.83926704645836,1.57491908373812,1.5317730794697,2.39234747704243,1.6463982807479,2.86309228601576,2.25040698675759,2.26547649821125,2.09300353506663,2.03800906319587,2.2852985680633,1.4967101433256,1.35609604022541,3.67151397718106,2.47966826070719,1.49817198493323,1.71382406804539,2.24208398100428
1.76062160125992,2.1967558952846,2.04123480686394,1.7723774540672,2.10284768012853,1.7564975618852,1.84362302067695,2.17769983929078,1.48586587050356,1.37197837966091,2.09517420855811,1.71662794474601,1.37260436042362,1.76417084869043,1.3226292295677,1.54527290923793,2.72841564221431,1.64056944296266,1.19675453743709,1.19518420864312,1.16499517379942,2.00792307196262,1.66794212490884,2.0260061754051,1.70619620111161,2.60080441609771,2.25995168050726,2.76937691617678,1.44196515200732,2.01787711365367,1.90256735134046,1.25564652334084,0,2.11323889146884,2.43155639802373,3.77318244524473,1.70796263700699,1.57526645069889,2.218823441096,1.48507118360899,1.86873524720384,1.92526293975235,2.70233448174269,2.62517208773922,2.504097137805,3.0900019683423,1.81777243942968,2.90934481737897,1.43712688772886,1.98747954711915,0.81575310905196,1.30489130443274,2.08703906787277,1.73000748143401,3.31397733254501,2.16091083400701,1.90684573161561,2.09071863673459,1.63357198082501,2.52105633920916,2.06755543492514,1.56525504876657,3.54328003516461,2.23560065570663,1.43230150270745,1.72796932007917,2.44549646780887
2.40477370020664,2.73583198105812,2.71691392308733,2.935061578215,2.94986156426569,2.29332905206918,3.06990235691608,2.84580360942181,2.03209844602683,2.16538694872647,3.34021206554625,1.96465277530622,1.91695814961658,2.69792036917576,2.22939028835137,2.83373227513115,2.66029539093956,2.54331731561273,2.29138432846269,2.40555665555502,2.57432214678417,3.05735914215048,2.097990715392,2.72582977812551,2.3980181010341,3.42964925192832,2.72846263925074,3.46119630832842,2.50712845653426,1.89096275108577,2.82571160222694,2.31668562787049,2.11323889146884,0,3.14896482662133,3.45118237841054,2.55067902360338,2.22471025023046,2.63269677930941,2.537974857412,2.53208819636881,2.66621683962419,2.81023670849783,3.44342387848874,2.79618326258223,4.06186622245703,3.09437181054546,2.99435359989626,2.55924715147039,2.21997013179235,2.35096485273541,2.33017454199824,2.43644493156439,2.70073228003387,3.5421551475337,2.75454905491746,2.70076373677058,3.36075284586237,2.22601768238939,2.95104287216896,2.78752877917848,2.39977500553736,4.39583163078248,2.39920222072919,2.40866824544098,2.47782578743829,2.68151768398285
1.51182153542482,2.48510718119785,2.97830058367162,2.10643037693716,1.98257218574139,2.42362562976249,2.51968877405665,1.60269271144054,2.50332072580901,2.0983595576038,2.37239352773663,2.67520162272729,2.88206539946166,3.36599716228254,2.41941590824305,1.87462578077258,3.05726642532555,2.12988317997335,2.35600764798989,1.94095540137132,2.37894652680674,2.65132160056531,2.32821783466676,2.92274806805075,2.34428542879951,1.86996254727292,2.32485280678197,3.16908595462883,1.74798514224748,3.11277127394123,2.21622744506757,1.95186511410486,2.43155639802373,3.14896482662133,0,4.27900520926833,2.38914322048458,2.497161572188,2.38257318403438,2.19808930662565,2.51116517171742,3.13368129624606,1.94177212745996,1.68778734329791,1.35021920364394,3.33467695779117,2.23192382053254,2.64932751300796,2.60953512722789,2.72176961794239,2.56230944292958,2.52324965033019,2.9430749927614,2.63978985391706,2.32662207315002,2.48616800103274,3.1753887887929,2.88229162761176,2.71521391595875,2.03959451215226,2.0356256040712,2.05321802218831,3.7963519672598,2.73229334036964,1.57465840511591,1.80275280970529,1.59642922394618
